camera_matrix:
- - 792.1323147347429
  - 0.0
  - 643.3861381513982
- - 0.0
  - 797.1549827968814
  - 457.5338209646889
- - 0.0
  - 0.0
  - 1.0
dist_coeffs:
- - -0.007257311297981923
  - -0.04045821156425551
  - 0.002820308223658078
  - -0.00011446051651878918
  - 0.012948450484162882
image_size:
- 1280
- 800
rms_error: 0.2564655664895522
