camera_matrix:
- - 465.1395169288164
  - 0.0
  - 318.1698584210049
- - 0.0
  - 466.619384475126
  - 264.671086131766
- - 0.0
  - 0.0
  - 1.0
dist_coeffs:
- - 0.03718115646642116
  - -0.05971384418893059
  - 0.0006816436544499862
  - -0.0005354798952671737
  - 0.03635849013926811
image_size:
- 640
- 480
rms_error: 0.25510129138132837
