camera_matrix:
- - 488.50277322779885
  - 0.0
  - 637.5754553281375
- - 0.0
  - 490.12268288307706
  - 361.8424631092772
- - 0.0
  - 0.0
  - 1.0
dist_coeffs:
- - 0.0013956560161063304
  - -0.005061233056896281
  - 0.00025335433184786176
  - -0.0006886872097800194
  - 0.001758290719789872
image_size:
- 1280
- 720
rms_error: 0.3099990168554403
