camera_matrix:
- - 880.6520624070683
  - 0.0
  - 641.4284721918983
- - 0.0
  - 884.3941138696289
  - 399.53262902741
- - 0.0
  - 0.0
  - 1.0
dist_coeffs:
- - 0.03807658354448723
  - -0.054059676327372616
  - 0.001534148971439657
  - -0.0013029168649704018
  - -0.006423476270298454
image_size:
- 1280
- 720
rms_error: 0.6070428186115295
